#       fc              G03,G04,G05,G06,G07,G08,G09,G10,G11,G12,G13,G14,G15,G16,G23,G24
#       fl              R05,Y01,Y02,Y03
#       pl              PL01,PL02,PL03,PL04,PL05,PL06,PL07,PL08,PL09,PL10
Locus_ID                                                               Chr  BP  Col  Pop_ID  P_Nuc      Q_Nuc      N        P        Obs_Het      Obs_Hom       Exp_Het      Exp_Hom  Pi  Smoothed_Pi  Smoothed_Pi_P-value  Fis  Smoothed_Fis  Smoothed_Fis_P-value  HWE_P-value  Private
6       NC_036838.1     129898                                                           180  fc  G    A    12  0.45833333  0.41667  0.58333  0.49653  0.50347  0.51812  0.00029  0.00000  0.19580   -0.05788  0.00000  0.59387  1
6       NC_036838.1     129898                                                           180  fl  G    -    3   1.00000000  0.00000  1.00000  0.00000  1.00000  0.00000  0.00000  0.00000  0.00000   0.00000   0.00000  1.00000  0
6       NC_036838.1     129898                                                           180  pl  G    -    8   1.00000000  0.00000  1.00000  0.00000  1.00000  0.00000  0.00000  0.00000  0.00000   0.00000   0.00000  1.00000  0
12      NC_036838.1     185108                                                           115  fc  A    T    13  0.65384615  0.69231  0.30769  0.45266  0.54734  0.47077  0.00027  0.00000  -0.47059  -0.06613  0.00000  0.20915  0
12      NC_036838.1     185108                                                           115  pl  A    T    7   0.85714286  0.28571  0.71429  0.24490  0.75510  0.26374  0.00128  0.00000  -0.08333  -0.44012  0.00000  1.00000  0
13      NC_036838.1     204540                                                           144  fc  G    A    15  0.96666667  0.06667  0.93333  0.06444  0.93556  0.06667  0.00026  0.00000  -0.00000  -0.06882  0.00000  1.00000  0
13      NC_036838.1     204540                                                           144  pl  G    A    9   0.94444444  0.11111  0.88889  0.10494  0.89506  0.11111  0.00131  0.00000  0.00000   -0.44132  0.00000  1.00000  0
13      NC_036838.1     204560                                                           164  fc  T    C    12  0.95833333  0.08333  0.91667  0.07986  0.92014  0.08333  0.00026  0.00000  0.00000   -0.06882  0.00000  1.00000  0
13      NC_036838.1     204560                                                           164  pl  T    C    8   0.68750000  0.62500  0.37500  0.42969  0.57031  0.45833  0.00131  0.00000  -0.36364  -0.44132  0.00000  0.48718  0
13      NC_036838.1     204612                                                           216  fc  C    G    15  0.96666667  0.06667  0.93333  0.06444  0.93556  0.06667  0.00026  0.00000  -0.00000  -0.06883  0.00000  1.00000  1
13      NC_036838.1     204612                                                           216  pl  C    -    8   1.00000000  0.00000  1.00000  0.00000  1.00000  0.00000  0.00000  0.00000  0.00000   0.00000   0.00000  1.00000  0
14      NC_036838.1     278717                                                           16   pl  G    A    9   0.61111111  0.77778  0.22222  0.47531  0.52469  0.50327  0.00140  0.00000  -0.54545  -0.43838  0.00000  0.17647  0
14      NC_036838.1     278770                                                           69   pl  G    A    9   0.61111111  0.77778  0.22222  0.47531  0.52469  0.50327  0.00140  0.00000  -0.54545  -0.43837  0.00000  0.17647  0
14      NC_036838.1     278772                                                           71   pl  A    G    9   0.61111111  0.77778  0.22222  0.47531  0.52469  0.50327  0.00140  0.00000  -0.54545  -0.43837  0.00000  0.17647  0
14      NC_036838.1     278774                                                           73   pl  G    A    9   0.61111111  0.77778  0.22222  0.47531  0.52469  0.50327  0.00140  0.00000  -0.54545  -0.43837  0.00000  0.17647  0
14      NC_036838.1     278793                                                           92   pl  G    T    9   0.61111111  0.77778  0.22222  0.47531  0.52469  0.50327  0.00140  0.00000  -0.54545  -0.43837  0.00000  0.17647  0
14      NC_036838.1     278820                                                           119  pl  A    C    9   0.61111111  0.77778  0.22222  0.47531  0.52469  0.50327  0.00140  0.00000  -0.54545  -0.43836  0.00000  0.17647  0
14      NC_036838.1     278824                                                           123  pl  T    C    9   0.61111111  0.77778  0.22222  0.47531  0.52469  0.50327  0.00140  0.00000  -0.54545  -0.43836  0.00000  0.17647  0
14      NC_036838.1     278831                                                           130  pl  G    A    9   0.61111111  0.77778  0.22222  0.47531  0.52469  0.50327  0.00140  0.00000  -0.54545  -0.43836  0.00000  0.17647  0
14      NC_036838.1     278834                                                           133  pl  G    C    9   0.61111111  0.77778  0.22222  0.47531  0.52469  0.50327  0.00140  0.00000  -0.54545  -0.43836  0.00000  0.17647  0
14      NC_036838.1     278907                                                           206  pl  C    T    8   0.62500000  0.75000  0.25000  0.46875  0.53125  0.50000  0.00140  0.00000  -0.50000  -0.43835  0.00000  0.44056  0
